0 321
0 266
0 477
2 406
3 304
3 245
4 170
4 443
4 327
6 202
6 422
6 206
7 353
7 348
7 342
7 473
8 497
9 499
9 485
10 294
11 237
11 334
11 261
12 236
13 440
13 442
13 276
13 350
13 303
15 265
16 248
16 355
16 323
17 494
17 367
18 193
18 386
18 301
19 178
19 188
20 472
20 198
21 306
21 421
22 418
22 190
23 194
23 431
24 277
24 206
24 445
25 340
25 415
26 185
26 188
27 388
27 212
28 410
29 186
29 307
29 332
29 279
30 249
31 354
31 484
31 174
31 464
31 305
31 274
31 472
32 299
34 219
34 173
34 254
35 176
35 226
35 459
35 182
35 207
36 288
36 218
36 450
36 199
37 449
37 226
37 386
37 398
37 369
37 343
37 412
38 192
38 448
38 230
38 359
38 208
38 181
39 354
39 229
39 295
40 408
40 169
40 375
40 366
40 233
41 274
41 259
41 483
43 368
43 365
44 313
44 270
44 321
45 281
45 298
45 183
46 233
47 185
47 397
47 462
48 203
48 302
48 208
48 211
48 187
48 285
49 204
50 352
50 227
50 491
51 460
51 348
52 290
52 373
53 447
54 449
54 387
54 357
54 486
54 211
54 380
55 208
55 321
56 313
56 355
56 468
57 286
58 237
59 322
59 252
60 217
60 474
60 171
60 188
62 442
62 478
63 262
64 282
64 398
65 301
65 222
65 167
66 455
66 308
66 415
67 311
68 498
68 349
68 397
69 258
69 291
69 485
69 474
69 442
69 197
71 216
71 180
71 182
72 196
72 367
74 247
75 417
77 384
77 483
77 300
77 245
77 184
77 251
77 476
79 235
79 278
79 279
81 330
84 248
84 233
85 209
85 186
85 339
85 234
86 401
86 234
86 181
87 214
87 295
88 400
88 225
88 370
88 435
89 421
89 438
92 424
92 218
92 375
92 475
92 239
93 480
93 390
93 335
94 464
94 269
94 174
94 336
94 340
94 191
95 189
95 247
96 417
96 218
96 220
97 354
99 265
99 452
99 389
99 174
100 177
100 482
101 329
101 213
102 464
102 370
102 396
102 410
102 175
103 473
103 283
103 167
104 409
104 497
104 324
104 425
105 356
105 179
105 172
105 189
106 300
106 183
107 176
107 169
107 338
107 416
107 310
108 328
108 393
108 282
109 201
109 221
109 342
109 433
110 338
110 423
110 173
110 181
111 227
112 342
112 238
112 487
113 210
115 400
115 393
115 335
116 251
116 487
117 330
119 368
119 273
119 392
119 331
119 263
120 403
121 168
121 371
121 388
121 443
122 410
122 389
122 374
123 203
123 261
123 205
123 239
124 320
124 374
124 286
124 238
125 282
125 204
126 457
126 378
126 383
127 169
127 431
128 177
128 450
128 187
130 208
130 310
131 472
131 325
131 271
132 364
132 302
132 231
133 293
134 244
134 444
134 228
134 481
135 368
135 321
136 378
136 182
137 224
137 217
137 412
137 478
137 377
138 177
138 458
138 395
138 217
139 274
139 222
140 287
141 177
142 486
142 198
142 199
143 328
143 246
144 256
145 255
146 413
146 279
147 232
147 223
148 280
148 234
148 196
148 450
148 471
150 209
150 197
150 297
152 282
152 195
152 309
152 198
152 219
153 490
153 242
153 467
153 426
154 347
154 485
154 262
154 459
155 251
156 429
157 256
157 179
157 325
158 420
158 270
158 455
159 203
160 257
160 338
160 220
160 189
160 222
161 235
161 174
162 250
162 267
162 498
162 246
163 474
163 275
163 411
164 170
164 398
166 273
166 190
166 415
167 466
167 453
168 237
170 171
170 342
170 311
171 323
171 267
171 474
171 215
172 242
172 386
173 185
173 236
173 405
174 451
174 478
174 214
175 276
175 270
176 469
176 260
176 341
176 182
176 461
177 418
177 419
178 372
179 321
179 186
180 256
180 194
180 348
180 362
181 374
181 366
182 224
182 454
183 318
184 240
184 275
184 325
185 278
186 377
186 375
186 199
190 266
191 392
192 275
193 322
193 467
193 470
193 279
194 200
195 413
195 489
195 205
195 295
196 489
196 499
196 484
197 465
197 383
198 394
199 408
200 496
200 249
200 226
200 221
201 338
201 237
202 410
202 211
202 412
204 241
205 296
205 425
205 292
206 284
208 345
208 292
208 341
208 361
209 243
209 279
210 452
210 444
211 473
212 434
212 245
213 289
214 476
214 306
214 327
214 260
214 231
215 234
215 370
215 420
215 298
215 262
216 240
216 440
216 333
217 262
219 419
219 404
219 406
219 222
220 259
221 306
221 362
221 391
222 251
223 242
223 359
224 352
224 292
224 229
224 405
225 386
225 357
226 445
226 358
226 351
227 426
228 408
228 297
228 268
229 297
229 386
229 493
229 413
229 461
230 380
231 274
233 264
233 400
233 250
233 363
233 357
234 350
235 379
236 242
236 372
236 430
237 482
237 397
239 312
239 315
239 283
239 244
239 366
240 264
241 253
242 459
242 406
243 441
243 411
243 302
244 464
244 428
245 264
245 402
246 462
247 360
247 275
248 280
248 494
248 391
249 284
250 276
252 265
252 394
252 317
253 272
253 352
253 492
253 438
254 289
254 298
254 299
255 480
255 274
256 376
256 499
257 442
260 393
260 481
261 449
261 334
262 346
262 371
262 414
262 439
265 488
265 345
266 335
267 381
267 414
269 353
269 301
270 376
270 402
270 326
271 314
272 316
274 317
275 431
275 399
276 382
276 495
279 370
279 491
280 423
281 345
282 347
282 315
285 445
286 473
287 465
287 430
289 457
290 391
290 453
290 470
290 383
291 436
291 349
292 378
292 381
293 361
293 396
293 385
295 416
295 307
295 463
296 476
297 302
298 466
298 399
299 458
301 341
301 437
302 450
304 368
304 311
306 462
306 427
306 421
306 374
307 320
307 389
308 491
308 436
309 412
310 457
310 454
310 319
311 410
312 373
312 422
313 477
314 352
314 318
315 472
315 451
317 404
318 456
318 345
318 479
319 463
320 454
320 325
320 390
320 407
323 330
323 354
324 481
325 466
325 372
325 367
326 364
326 461
327 378
327 395
327 452
328 382
328 358
329 498
330 337
330 409
331 424
331 415
332 344
332 432
332 446
